1 1 1 1 1 1 1 1 1 1 1 1 1 1 255 1 1 1 1 1 1 1 1 
1 1 1 1 1 1 1 1 1 1 1 1 1 1 1 255 1 1 1 1 1 1 1 
1 1 1 1 1 1 1 1 1 1 1 1 1 1 1 1 255 1 1 1 1 1 1 
1 1 1 1 1 1 1 1 1 1 1 1 1 1 1 1 1 255 1 1 1 1 1 
1 1 1 1 1 1 1 1 1 1 1 1 1 1 1 1 1 1 255 1 1 1 1 
1 1 1 1 1 1 1 1 1 1 1 1 1 1 1 1 1 1 1 255 1 1 1 
1 1 1 1 1 1 1 1 1 1 1 1 1 1 1 1 1 1 1 1 255 1 1 
1 1 1 1 1 1 255 255 1 1 1 1 1 1 1 1 1 1 1 1 1 255 1 
1 1 1 1 1 255 185 175 255 255 1 1 1 1 1 1 1 1 1 1 1 1 255 
1 1 1 1 1 255 175 175 175 171 255 255 1 1 1 1 1 1 1 1 1 1 1 
1 1 1 1 1 1 255 255 171 165 165 175 255 255 1 1 1 1 1 1 1 1 1 
1 END 1 1 1 1 1 1 165 165 165 161 165 165 155 1 1 1 1 1 1 START 1 
1 1 1 1 1 1 255 211 165 165 165 165 255 255 1 1 1 1 1 1 1 1 1 
1 1 1 1 1 255 165 165 165 165 255 255 1 1 1 1 1 1 1 1 1 1 1 
1 1 1 1 1 255 165 165 255 255 1 1 1 1 1 1 1 1 1 1 1 1 255 
1 1 1 1 1 1 255 255 1 1 1 1 1 1 1 1 1 1 1 1 1 255 1 
1 1 1 1 1 1 1 1 1 1 1 1 1 1 1 1 1 1 1 1 255 1 1 
1 1 1 1 1 1 1 1 1 1 1 1 1 1 1 1 1 1 1 255 1 1 1 
1 1 1 1 1 1 1 1 1 1 1 1 1 1 1 1 1 1 255 1 1 1 1 
1 1 1 1 1 1 1 1 1 1 1 1 1 1 1 1 1 255 1 1 1 1 1 
1 1 1 1 1 1 1 1 1 1 1 1 1 1 1 1 255 1 1 1 1 1 1 
1 1 1 1 1 1 1 1 1 1 1 1 1 1 1 255 1 1 1 1 1 1 1 
1 1 1 1 1 1 1 1 1 1 1 1 1 1 255 1 1 1 1 1 1 1 1 
