1 1 1 1 1 1 1 1 1 1 1 1 1 1 255 1 1 1 1 1 1 1 1 
1 1 1 1 1 1 1 1 1 1 1 1 1 1 1 255 1 1 1 1 1 1 1 
1 1 1 1 1 1 1 1 1 1 1 1 1 1 1 1 255 1 1 1 1 1 1 
1 1 1 1 1 1 1 1 1 1 1 1 1 1 1 1 1 255 1 1 1 1 1 
1 1 1 1 1 1 1 1 1 1 1 1 1 1 1 1 1 1 255 1 1 1 1 
1 1 1 1 1 1 1 1 1 1 1 1 1 1 1 1 1 1 1 255 1 1 1 
1 1 1 1 1 1 1 1 1 1 1 1 1 1 1 1 1 1 1 1 255 1 1 
1 1 1 1 1 1 255 255 11 1 1 1 1 1 1 1 1 1 1 1 1 255 1 
1 1 1 1 1 255 151 151 255 255 1 1 1 1 1 1 1 1 1 1 1 1 255 
1 1 1 1 1 255 151 151 151 151 255 255 1 1 1 1 1 1 1 1 1 1 1 
1 1 1 1 1 1 255 255 141 141 151 151 255 255 1 1 1 1 1 1 1 1 1 
1 END 1 1 1 1 1 1 141 141 141 141 151 151 141 1 1 1 1 1 1 START 1 
1 1 1 1 1 1 255 255 141 141 141 141 255 255 1 1 1 1 1 1 1 1 1 
1 1 1 1 1 255 141 141 141 141 255 255 1 1 1 1 1 1 1 1 1 1 1 
1 1 1 1 1 255 131 141 255 255 1 1 1 1 1 1 1 1 1 1 1 1 255 
1 1 1 1 1 1 255 255 1 1 1 1 1 1 1 1 1 1 1 1 1 255 1 
1 1 1 1 1 1 1 1 1 1 1 1 1 1 1 1 1 1 1 1 255 1 1 
1 1 1 1 1 1 1 1 1 1 1 1 1 1 1 1 1 1 1 255 1 1 1 
1 1 1 1 1 1 1 1 1 1 1 1 1 1 1 1 1 1 255 1 1 1 1 
1 1 1 1 1 1 1 1 1 1 1 1 1 1 1 1 1 255 1 1 1 1 1 
1 1 1 1 1 1 1 1 1 1 1 1 1 1 1 1 255 1 1 1 1 1 1 
1 1 1 1 1 1 1 1 1 1 1 1 1 1 1 255 1 1 1 1 1 1 1 
1 1 1 1 1 1 1 1 1 1 1 1 1 1 255 1 1 1 1 1 1 1 1 
